0.200000       0.203047
0.205000       0.213262
0.210000       0.192656
0.215000       0.155664
0.220000       0.146075
0.225000       0.155508
0.230000       0.150497
0.235000       0.163604
0.240000       0.163604
0.245000       0.256681
0.250000       0.270335
0.255000       0.333311
0.260000       0.405707
0.265000       0.554103
0.270000       0.599098
0.275000       0.666667
0.280000       0.666667
0.285000       0.666667
0.290000       0.765658
0.295000       0.666286
0.300000       0.656566
0.305000       0.654070
0.310000       0.654245
0.315000       0.653991
0.320000       0.653991
0.325000       0.653991
0.330000       0.653991
0.335000       0.653991
0.340000       0.653991
0.345000       0.657922
0.350000       0.653991
0.355000       0.653991
0.360000       0.653991
0.365000       0.653991
0.370000       0.666667
0.375000       0.666667
0.380000       0.601559
0.385000       0.608020
0.390000       0.631685
0.395000       0.669729
0.400000       0.741199
0.405000       0.825937
0.410000       0.853539
0.415000       0.852304
0.420000       0.870872
0.425000       0.883039
0.430000       0.876579
0.435000       0.891830
0.440000       0.892156
0.445000       0.901279
0.450000       0.868324
0.455000       0.878508
0.460000       0.859070
0.465000       0.857491
0.470000       0.843574
0.475000       0.852743
0.480000       0.862195
0.485000       0.876987
0.490000       0.871584
0.495000       0.887580
0.500000       0.898154
0.505000       0.897510
0.510000       0.893062
0.515000       0.899377
0.520000       0.920312
0.525000       0.912563
0.530000       0.923728
0.535000       0.921457
0.540000       0.925385
0.545000       0.918511
0.550000       0.919217
0.555000       0.938779
0.560000       0.942146
0.565000       0.943523
0.570000       0.950312
0.575000       0.963740
0.580000       0.952831
0.585000       0.964674
0.590000       0.980257
0.595000       0.973288
0.600000       0.959906
0.605000       0.965846
0.610000       0.935567
0.615000       0.954296
0.620000       0.952400
0.625000       0.951955
0.630000       0.945516
0.635000       0.949081
0.640000       0.939627
0.645000       0.941878
0.650000       0.948022
0.655000       0.938500
0.660000       0.940803
0.665000       0.940293
0.670000       0.931199
0.675000       0.926306
0.680000       0.916225
0.685000       0.921707
0.690000       0.921516
0.695000       0.908773
0.700000       0.882508
0.705000       0.889972
0.710000       0.887526
0.715000       0.871229
0.720000       0.863880
0.725000       0.832358
0.730000       0.829103
0.735000       0.822016
0.740000       0.814071
0.745000       0.803277
0.750000       0.807699
0.755000       0.783662
0.760000       0.763333
0.765000       0.762271
0.770000       0.778540
0.775000       0.758267
0.780000       0.763228
0.785000       0.769908
0.790000       0.741474
0.795000       0.745441
0.800000       0.699069
0.805000       0.687233
0.810000       0.626942
0.815000       0.579326
0.820000       0.490550
0.825000       0.466801
0.830000       0.419067
0.835000       0.340619
0.840000       0.297879
0.845000       0.221271
0.850000       0.158051
0.855000       0.112882
0.860000       0.082997
0.865000       0.071014
0.870000       0.059194
0.875000       0.054448
0.880000       0.054122
0.885000       0.056394
0.890000       0.054815
0.895000       0.055972
0.900000       0.053431
0.905000       0.053655
0.910000       0.060174
0.915000       0.052815
0.920000       0.056527
0.925000       0.055291
0.930000       0.054485
0.935000       0.055725
0.940000       0.052868
0.945000       0.052391
0.950000       0.052226
0.955000       0.057784
0.960000       0.061748
0.965000       0.054423
0.970000       0.055576
0.975000       0.056932
0.980000       0.054088
0.985000       0.054624
0.990000       0.053598
0.995000       0.061665
