0.200000       0.035559
0.205000       0.121275
0.210000       0.079288
0.215000       0.159785
0.220000       0.080689
0.225000       0.090981
0.230000       0.080689
0.235000       0.080689
0.240000       0.025386
0.245000       0.000000
0.250000       0.345311
0.255000       0.510243
0.260000       0.573439
0.265000       0.816991
0.270000       0.878206
0.275000       1.000000
0.280000       1.000000
0.285000       1.000000
0.290000       0.897847
0.295000       0.977940
0.300000       0.997951
0.305000       0.998175
0.310000       1.000000
0.315000       1.000000
0.320000       1.000000
0.325000       1.000000
0.330000       1.000000
0.335000       1.000000
0.340000       1.000000
0.345000       1.000000
0.350000       1.000000
0.355000       1.000000
0.360000       1.000000
0.365000       1.000000
0.370000       1.000000
0.375000       1.000000
0.380000       1.000000
0.385000       0.993336
0.390000       0.967468
0.395000       0.896460
0.400000       0.851109
0.405000       0.693760
0.410000       0.528395
0.415000       0.468113
0.420000       0.456166
0.425000       0.472135
0.430000       0.448819
0.435000       0.476622
0.440000       0.474604
0.445000       0.499215
0.450000       0.427208
0.455000       0.448746
0.460000       0.410878
0.465000       0.402324
0.470000       0.371332
0.475000       0.386760
0.480000       0.409528
0.485000       0.441495
0.490000       0.426773
0.495000       0.460177
0.500000       0.479824
0.505000       0.470269
0.510000       0.460204
0.515000       0.483170
0.520000       0.534813
0.525000       0.522848
0.530000       0.533320
0.535000       0.530354
0.540000       0.534826
0.545000       0.518475
0.550000       0.518757
0.555000       0.562210
0.560000       0.573707
0.565000       0.572701
0.570000       0.583200
0.575000       0.607233
0.580000       0.591716
0.585000       0.617850
0.590000       0.643077
0.595000       0.638709
0.600000       0.622382
0.605000       0.630453
0.610000       0.610571
0.615000       0.628680
0.620000       0.624752
0.625000       0.625949
0.630000       0.613114
0.635000       0.619274
0.640000       0.610925
0.645000       0.611181
0.650000       0.619537
0.655000       0.608128
0.660000       0.613628
0.665000       0.610240
0.670000       0.600401
0.675000       0.597562
0.680000       0.586921
0.685000       0.593418
0.690000       0.597447
0.695000       0.578846
0.700000       0.553232
0.705000       0.571849
0.710000       0.556334
0.715000       0.539762
0.720000       0.532252
0.725000       0.488350
0.730000       0.500562
0.735000       0.488309
0.740000       0.478782
0.745000       0.472156
0.750000       0.482980
0.755000       0.447463
0.760000       0.433019
0.765000       0.429677
0.770000       0.456741
0.775000       0.432413
0.780000       0.440365
0.785000       0.450964
0.790000       0.431172
0.795000       0.436384
0.800000       0.390385
0.805000       0.373207
0.810000       0.339982
0.815000       0.297836
0.820000       0.232114
0.825000       0.216095
0.830000       0.193454
0.835000       0.144058
0.840000       0.130033
0.845000       0.083743
0.850000       0.061018
0.855000       0.039710
0.860000       0.033410
0.865000       0.028788
0.870000       0.027357
0.875000       0.023004
0.880000       0.024461
0.885000       0.021766
0.890000       0.017493
0.895000       0.022159
0.900000       0.024078
0.905000       0.018947
0.910000       0.024607
0.915000       0.018775
0.920000       0.022503
0.925000       0.024691
0.930000       0.017980
0.935000       0.018717
0.940000       0.021259
0.945000       0.020318
0.950000       0.017594
0.955000       0.022987
0.960000       0.023563
0.965000       0.018420
0.970000       0.017826
0.975000       0.021490
0.980000       0.020088
0.985000       0.016997
0.990000       0.016581
0.995000       0.026398
